0	13.0885
100	13.08643519
200	13.08024075
300	13.06991669
400	13.055463
500	13.03687969
600	13.01416675
700	12.98732419
800	12.956352
900	12.92125018
1000	12.88201875
1100	12.83865768
1221.5	12.78041711
1300	12.13050134
1400	12.07516461
1500	12.01623735
1600	11.95359129
1700	11.88709817
1800	11.81662972
1900	11.74205767
2000	11.66325377
2100	11.58008976
2200	11.49243735
2300	11.4001683
2400	11.30315434
2500	11.20126721
2600	11.09437863
2700	10.98236036
2800	10.86508411
2900	10.74242164
3000	10.61424467
3100	10.48042494
3200	10.34083419
3300	10.19534416
3480	9.918186478
3500	5.556432777
3600	5.506441337
3700	5.456600652
3800	5.406839243
3900	5.357085632
4000	5.307268339
4100	5.257315886
4200	5.207156794
4300	5.156719583
4400	5.105932776
4500	5.054724892
4600	5.003024454
4700	4.950759981
4800	4.897859997
4900	4.84425302
5000	4.789867573
5100	4.734632177
5200	4.678475353
5300	4.621325621
5400	4.563111503
5500	4.503761521
5600	4.443204194
5700	4.381368045
5771	3.975820609
5871	3.849783645
5971	3.723746916
6151	3.43577498
6200	3.364815728
6291	3.374705604
6346	3.380683001
6371	2.9
